# Data catalogue source: extfile:input/new_cats/galaxy_DR12v5_CMASS_South.fits
# Data catalogue size: ntotal = 230716, wtotal = 81441.027, wstotal = 249589.060
# Data-source particle extents: ([1559.555, 4731.089], [845.295, 5212.183], [1825.426, 4246.898])
# Random catalogue source: extfile:input/new_cats/random1_DR12v5_CMASS_South.fits
# Random catalogue size: ntotal = 11628485, wtotal = 3792249.392, wstotal = 11628485.000
# Random-source particle extents: ([1459.597, 4540.403], [843.762, 5156.238], [1782.314, 4217.686])
# Box size: [6000.000, 6000.000, 6000.000]
# Box alignment: centre
# Mesh number: [512, 512, 512]
# Mesh assignment and interlacing: tsc, True
# Normalisation factor: 2.113963697e-01 (particle)
# Normalisation factor alternatives: 2.113963697e-01 (particle), 6.947661111e-01 (mesh), 7.286041856e-01 (mesh-mixed)
# [0] k_cen, [1] k_eff, [2] nmodes, [3] Re{pk0_raw}, [4] Im{pk0_raw}, [5] Re{pk0_shot}, [6] Im{pk0_shot}
5.500000000e-03	5.486963941e-03	       290	 1.291580714e+05	-3.523102875e-14	 9.132907208e+03	 0.000000000e+00
6.500000000e-03	6.471857466e-03	       486	 1.233240457e+05	-2.140882635e-13	 9.132907208e+03	 0.000000000e+00
7.500000000e-03	7.503996075e-03	       626	 1.221144780e+05	-2.481195304e-13	 9.132907208e+03	 0.000000000e+00
8.500000000e-03	8.485494651e-03	       738	 1.109344558e+05	-5.694865987e-13	 9.132907208e+03	 0.000000000e+00
9.500000000e-03	9.528688361e-03	      1142	 9.542229263e+04	-5.573868576e-13	 9.132907208e+03	 0.000000000e+00
1.050000000e-02	1.059290289e-02	      1202	 8.291518983e+04	 9.119046453e-14	 9.132907208e+03	 0.000000000e+00
1.150000000e-02	1.156805959e-02	      1410	 8.223573518e+04	-1.386509328e-13	 9.132907209e+03	 0.000000000e+00
1.250000000e-02	1.255755801e-02	      1766	 7.534796933e+04	 1.509163979e-13	 9.132907209e+03	 0.000000000e+00
1.350000000e-02	1.352377727e-02	      1818	 7.068130324e+04	-1.063215018e-14	 9.132907210e+03	 0.000000000e+00
1.450000000e-02	1.449493368e-02	      2354	 7.255656991e+04	 1.619861910e-13	 9.132907211e+03	 0.000000000e+00
1.550000000e-02	1.550659145e-02	      2646	 6.701147704e+04	 9.142985999e-14	 9.132907213e+03	 0.000000000e+00
1.650000000e-02	1.649600611e-02	      2906	 6.734975832e+04	 1.036410319e-13	 9.132907215e+03	 0.000000000e+00
1.750000000e-02	1.749597409e-02	      3402	 6.568298148e+04	-1.690374355e-14	 9.132907218e+03	 0.000000000e+00
1.850000000e-02	1.852436772e-02	      3926	 6.386862009e+04	 2.418963080e-14	 9.132907222e+03	 0.000000000e+00
1.950000000e-02	1.951070807e-02	      3866	 6.545473909e+04	 1.254150168e-14	 9.132907227e+03	 0.000000000e+00
2.050000000e-02	2.049887913e-02	      4794	 6.739812211e+04	 1.487435546e-13	 9.132907233e+03	 0.000000000e+00
2.150000000e-02	2.151843925e-02	      5078	 6.539672240e+04	 3.839066767e-14	 9.132907241e+03	 0.000000000e+00
2.250000000e-02	2.250744646e-02	      5388	 6.158052744e+04	-1.939792599e-14	 9.132907253e+03	 0.000000000e+00
2.350000000e-02	2.350926803e-02	      6242	 5.905328928e+04	 1.425761995e-13	 9.132907266e+03	 0.000000000e+00
2.450000000e-02	2.451973800e-02	      6510	 5.351969830e+04	-6.350777945e-14	 9.132907283e+03	 0.000000000e+00
2.550000000e-02	2.550872125e-02	      7034	 5.077987261e+04	 9.191674401e-15	 9.132907305e+03	 0.000000000e+00
2.650000000e-02	2.649946825e-02	      7626	 4.945511656e+04	 5.918749081e-14	 9.132907328e+03	 0.000000000e+00
2.750000000e-02	2.750605651e-02	      8462	 4.859335111e+04	 4.312452721e-14	 9.132907360e+03	 0.000000000e+00
2.850000000e-02	2.851157646e-02	      8778	 4.704930143e+04	 9.091155679e-15	 9.132907398e+03	 0.000000000e+00
2.950000000e-02	2.950080237e-02	      9434	 4.742010331e+04	-2.103493100e-14	 9.132907440e+03	 0.000000000e+00
3.050000000e-02	3.050473555e-02	     10382	 4.620724652e+04	-2.861530010e-14	 9.132907493e+03	 0.000000000e+00
3.150000000e-02	3.151077777e-02	     10746	 4.350887015e+04	-1.149693228e-13	 9.132907557e+03	 0.000000000e+00
3.250000000e-02	3.251294853e-02	     11786	 4.189476344e+04	-5.504801006e-14	 9.132907627e+03	 0.000000000e+00
3.350000000e-02	3.352591071e-02	     12366	 4.244537934e+04	-9.395333462e-14	 9.132907716e+03	 0.000000000e+00
3.450000000e-02	3.451640001e-02	     12698	 4.248295887e+04	-1.970419688e-14	 9.132907816e+03	 0.000000000e+00
3.550000000e-02	3.550965301e-02	     13986	 4.280778539e+04	-5.629223461e-14	 9.132907925e+03	 0.000000000e+00
3.650000000e-02	3.649686618e-02	     14006	 4.187501459e+04	 2.543227616e-14	 9.132908070e+03	 0.000000000e+00
3.750000000e-02	3.749450445e-02	     15882	 4.045492988e+04	 6.590819604e-15	 9.132908214e+03	 0.000000000e+00
3.850000000e-02	3.851630140e-02	     16442	 3.962780021e+04	 1.075593369e-13	 9.132908387e+03	 0.000000000e+00
3.950000000e-02	3.951752035e-02	     16898	 3.853206428e+04	 1.330315689e-14	 9.132908609e+03	 0.000000000e+00
4.050000000e-02	4.050872299e-02	     17862	 3.785085580e+04	-3.050512187e-14	 9.132908816e+03	 0.000000000e+00
4.150000000e-02	4.149904015e-02	     18578	 3.705407142e+04	-7.381297319e-15	 9.132909095e+03	 0.000000000e+00
4.250000000e-02	4.250483471e-02	     20226	 3.601173208e+04	 5.539185410e-14	 9.132909383e+03	 0.000000000e+00
4.350000000e-02	4.350196586e-02	     20174	 3.554565475e+04	-3.050956026e-15	 9.132909724e+03	 0.000000000e+00
4.450000000e-02	4.449689153e-02	     21996	 3.638223199e+04	 3.290077458e-14	 9.132910102e+03	 0.000000000e+00
4.550000000e-02	4.550135644e-02	     22466	 3.696181492e+04	 2.224166867e-14	 9.132910551e+03	 0.000000000e+00
4.650000000e-02	4.650239743e-02	     23982	 3.534994115e+04	 5.474365092e-14	 9.132911016e+03	 0.000000000e+00
4.750000000e-02	4.750599537e-02	     24482	 3.375027434e+04	-2.636273581e-16	 9.132911584e+03	 0.000000000e+00
4.850000000e-02	4.850823681e-02	     26066	 3.346231515e+04	 2.867616653e-14	 9.132912201e+03	 0.000000000e+00
4.950000000e-02	4.950625969e-02	     26454	 3.311728071e+04	 2.239472070e-14	 9.132912842e+03	 0.000000000e+00
5.050000000e-02	5.050218287e-02	     27986	 3.240908843e+04	 1.814306108e-14	 9.132913598e+03	 0.000000000e+00
5.150000000e-02	5.149625588e-02	     28602	 3.252684802e+04	 1.002541651e-16	 9.132914462e+03	 0.000000000e+00
5.250000000e-02	5.249788668e-02	     30710	 3.223326483e+04	-1.509949003e-15	 9.132915350e+03	 0.000000000e+00
5.350000000e-02	5.350486046e-02	     31170	 3.122657530e+04	-4.341041032e-14	 9.132916432e+03	 0.000000000e+00
5.450000000e-02	5.451135080e-02	     33098	 3.047093384e+04	-3.171418360e-14	 9.132917539e+03	 0.000000000e+00
5.550000000e-02	5.551180916e-02	     33174	 3.001218033e+04	-2.046748332e-14	 9.132918822e+03	 0.000000000e+00
5.650000000e-02	5.650423759e-02	     34922	 2.949706326e+04	 9.162044538e-15	 9.132920188e+03	 0.000000000e+00
5.750000000e-02	5.750589357e-02	     36354	 2.837508038e+04	 2.351398366e-14	 9.132921730e+03	 0.000000000e+00
5.850000000e-02	5.850828025e-02	     37478	 2.719465842e+04	 2.429437656e-14	 9.132923382e+03	 0.000000000e+00
5.950000000e-02	5.950416126e-02	     38330	 2.663615962e+04	 4.009510286e-15	 9.132925233e+03	 0.000000000e+00
6.050000000e-02	6.049746385e-02	     40026	 2.641159389e+04	 5.370374132e-15	 9.132927229e+03	 0.000000000e+00
6.150000000e-02	6.149470089e-02	     41174	 2.621135348e+04	 1.799520751e-14	 9.132929396e+03	 0.000000000e+00
6.250000000e-02	6.249968427e-02	     43314	 2.628635185e+04	-5.714904043e-15	 9.132931935e+03	 0.000000000e+00
6.350000000e-02	6.350666611e-02	     44258	 2.614285152e+04	 1.023288433e-14	 9.132934430e+03	 0.000000000e+00
6.450000000e-02	6.450498148e-02	     45222	 2.598336382e+04	-3.120593436e-14	 9.132937416e+03	 0.000000000e+00
6.550000000e-02	6.549912351e-02	     46634	 2.560001629e+04	 3.065578376e-14	 9.132940483e+03	 0.000000000e+00
6.650000000e-02	6.649534595e-02	     48444	 2.500987344e+04	 8.445883865e-15	 9.132943904e+03	 0.000000000e+00
6.750000000e-02	6.749659959e-02	     49886	 2.461848339e+04	-1.180310198e-14	 9.132947783e+03	 0.000000000e+00
6.850000000e-02	6.850251671e-02	     51842	 2.452452126e+04	 3.142683432e-14	 9.132951731e+03	 0.000000000e+00
6.950000000e-02	6.950283635e-02	     52506	 2.438386855e+04	 1.843719048e-14	 9.132956133e+03	 0.000000000e+00
7.050000000e-02	7.049899823e-02	     54278	 2.429639164e+04	 1.581178939e-15	 9.132961064e+03	 0.000000000e+00
7.150000000e-02	7.150256305e-02	     56370	 2.411096076e+04	 2.070944247e-14	 9.132966063e+03	 0.000000000e+00
7.250000000e-02	7.250860643e-02	     57938	 2.335495389e+04	 6.697402678e-15	 9.132971586e+03	 0.000000000e+00
7.350000000e-02	7.350183435e-02	     57774	 2.260087665e+04	-7.668244527e-15	 9.132977981e+03	 0.000000000e+00
7.450000000e-02	7.450018079e-02	     61874	 2.207294304e+04	-3.237403493e-14	 9.132984086e+03	 0.000000000e+00
7.550000000e-02	7.551044772e-02	     62682	 2.210796221e+04	-9.146419258e-15	 9.132991328e+03	 0.000000000e+00
7.650000000e-02	7.650666107e-02	     63110	 2.213116823e+04	 1.527780576e-14	 9.132999011e+03	 0.000000000e+00
7.750000000e-02	7.750153739e-02	     66050	 2.165637298e+04	-4.654368689e-15	 9.133006577e+03	 0.000000000e+00
7.850000000e-02	7.850633731e-02	     67842	 2.166417064e+04	-2.594426604e-15	 9.133016245e+03	 0.000000000e+00
7.950000000e-02	7.950595503e-02	     68570	 2.159043809e+04	 4.095511035e-15	 9.133025532e+03	 0.000000000e+00
8.050000000e-02	8.050450056e-02	     71406	 2.108267511e+04	 1.487808860e-15	 9.133035645e+03	 0.000000000e+00
8.150000000e-02	8.150562527e-02	     72410	 2.098889616e+04	-2.041192261e-14	 9.133046156e+03	 0.000000000e+00
8.250000000e-02	8.250795156e-02	     74970	 2.124218148e+04	 8.149737803e-15	 9.133058572e+03	 0.000000000e+00
8.350000000e-02	8.350885144e-02	     76094	 2.145548178e+04	 7.335176704e-15	 9.133071001e+03	 0.000000000e+00
8.450000000e-02	8.450499465e-02	     77826	 2.111177046e+04	-9.443466539e-15	 9.133084562e+03	 0.000000000e+00
8.550000000e-02	8.550251762e-02	     79706	 2.054180115e+04	 3.007524489e-15	 9.133099319e+03	 0.000000000e+00
8.650000000e-02	8.650455428e-02	     82734	 2.014588879e+04	-3.568842754e-15	 9.133114188e+03	 0.000000000e+00
8.750000000e-02	8.750679900e-02	     83234	 1.998178858e+04	-2.070315003e-15	 9.133131165e+03	 0.000000000e+00
8.850000000e-02	8.849916174e-02	     84860	 1.965934164e+04	-1.661175025e-14	 9.133149306e+03	 0.000000000e+00
8.950000000e-02	8.949943913e-02	     88734	 1.970608121e+04	-2.084289648e-14	 9.133168134e+03	 0.000000000e+00
9.050000000e-02	9.050336408e-02	     89138	 2.004117812e+04	-6.399351680e-15	 9.133189937e+03	 0.000000000e+00
9.150000000e-02	9.150411519e-02	     92178	 2.007176767e+04	 6.037761936e-15	 9.133211121e+03	 0.000000000e+00
9.250000000e-02	9.250625114e-02	     93638	 1.972259000e+04	 1.386302253e-15	 9.133233561e+03	 0.000000000e+00
9.350000000e-02	9.350607696e-02	     95586	 1.932658978e+04	 2.610590590e-15	 9.133260344e+03	 0.000000000e+00
9.450000000e-02	9.450462965e-02	     97394	 1.904292638e+04	 5.844900272e-15	 9.133285351e+03	 0.000000000e+00
9.550000000e-02	9.549734195e-02	     98886	 1.889759899e+04	-1.169902798e-14	 9.133314325e+03	 0.000000000e+00
9.650000000e-02	9.649510356e-02	    102194	 1.889317901e+04	 6.596314712e-15	 9.133344646e+03	 0.000000000e+00
9.750000000e-02	9.750082367e-02	    104906	 1.889830000e+04	 7.300103854e-15	 9.133376387e+03	 0.000000000e+00
9.850000000e-02	9.850290168e-02	    105894	 1.860141366e+04	 1.119342869e-15	 9.133409928e+03	 0.000000000e+00
9.950000000e-02	9.950257485e-02	    108386	 1.835999786e+04	 8.942940635e-15	 9.133448267e+03	 0.000000000e+00
1.005000000e-01	1.005060025e-01	    111258	 1.826336852e+04	-3.521752112e-15	 9.133486396e+03	 0.000000000e+00
1.015000000e-01	1.015058842e-01	    112118	 1.825412338e+04	 8.849722183e-15	 9.133526716e+03	 0.000000000e+00
1.025000000e-01	1.025029431e-01	    114738	 1.821607592e+04	 1.269292033e-15	 9.133572247e+03	 0.000000000e+00
1.035000000e-01	1.034995594e-01	    116762	 1.813105520e+04	 2.354740344e-15	 9.133616904e+03	 0.000000000e+00
1.045000000e-01	1.045013054e-01	    120462	 1.800362710e+04	 3.893930726e-15	 9.133667266e+03	 0.000000000e+00
1.055000000e-01	1.055051673e-01	    121610	 1.758526384e+04	 1.551042725e-14	 9.133721245e+03	 0.000000000e+00
1.065000000e-01	1.065029384e-01	    123882	 1.736768796e+04	 1.771554320e-14	 9.133772670e+03	 0.000000000e+00
1.075000000e-01	1.075019382e-01	    126542	 1.727196300e+04	 5.935131209e-15	 9.133834909e+03	 0.000000000e+00
1.085000000e-01	1.085031003e-01	    128810	 1.699132567e+04	-6.030270518e-15	 9.133897802e+03	 0.000000000e+00
1.095000000e-01	1.095003321e-01	    130698	 1.684772978e+04	-2.274276751e-15	 9.133962602e+03	 0.000000000e+00
1.105000000e-01	1.104973610e-01	    133328	 1.693727954e+04	-1.183292707e-15	 9.134035365e+03	 0.000000000e+00
1.115000000e-01	1.114977911e-01	    136242	 1.668273098e+04	-4.874845120e-15	 9.134108999e+03	 0.000000000e+00
1.125000000e-01	1.124965266e-01	    138146	 1.624308198e+04	 2.971538522e-15	 9.134189389e+03	 0.000000000e+00
1.135000000e-01	1.134997930e-01	    142110	 1.615758614e+04	 5.168183549e-15	 9.134273522e+03	 0.000000000e+00
1.145000000e-01	1.145034926e-01	    143330	 1.625854275e+04	 3.151204757e-15	 9.134364279e+03	 0.000000000e+00
1.155000000e-01	1.155057908e-01	    146946	 1.628682845e+04	 6.128669746e-15	 9.134456905e+03	 0.000000000e+00
1.165000000e-01	1.165027147e-01	    146546	 1.599125817e+04	 6.344064394e-15	 9.134558592e+03	 0.000000000e+00
1.175000000e-01	1.174990543e-01	    151862	 1.565575920e+04	 1.715669588e-15	 9.134660543e+03	 0.000000000e+00
1.185000000e-01	1.184994670e-01	    153162	 1.571090899e+04	 4.622679361e-15	 9.134770889e+03	 0.000000000e+00
1.195000000e-01	1.195033198e-01	    157802	 1.571156167e+04	 1.235119655e-14	 9.134890171e+03	 0.000000000e+00
1.205000000e-01	1.205076616e-01	    158814	 1.577683589e+04	 1.582170059e-14	 9.135012914e+03	 0.000000000e+00
1.215000000e-01	1.215057239e-01	    161138	 1.573897783e+04	 6.491713028e-15	 9.135146948e+03	 0.000000000e+00
1.225000000e-01	1.225033771e-01	    163698	 1.575332339e+04	 2.055106226e-15	 9.135285384e+03	 0.000000000e+00
1.235000000e-01	1.235032919e-01	    167486	 1.564475462e+04	-1.332217842e-15	 9.135428415e+03	 0.000000000e+00
1.245000000e-01	1.245018759e-01	    168666	 1.541688449e+04	-6.860567494e-15	 9.135576604e+03	 0.000000000e+00
1.255000000e-01	1.255017110e-01	    172994	 1.524508340e+04	-7.194092748e-15	 9.135745106e+03	 0.000000000e+00
1.265000000e-01	1.265031946e-01	    175166	 1.521932681e+04	-1.966863666e-15	 9.135920421e+03	 0.000000000e+00
1.275000000e-01	1.275020927e-01	    177498	 1.518524891e+04	-4.502942988e-16	 9.136094688e+03	 0.000000000e+00
1.285000000e-01	1.285035828e-01	    181490	 1.511719631e+04	-5.251256931e-15	 9.136290030e+03	 0.000000000e+00
1.295000000e-01	1.295027212e-01	    182574	 1.515189544e+04	-7.739649725e-15	 9.136479137e+03	 0.000000000e+00
1.305000000e-01	1.304946407e-01	    184274	 1.515373855e+04	-3.340210033e-15	 9.136699018e+03	 0.000000000e+00
1.315000000e-01	1.314922124e-01	    190218	 1.507931391e+04	-2.909353625e-15	 9.136917172e+03	 0.000000000e+00
1.325000000e-01	1.324936018e-01	    191750	 1.506698938e+04	 3.225242385e-15	 9.137163533e+03	 0.000000000e+00
1.335000000e-01	1.334957029e-01	    196116	 1.512989392e+04	-4.492993630e-15	 9.137404720e+03	 0.000000000e+00
1.345000000e-01	1.345035175e-01	    199874	 1.512889253e+04	-7.093716777e-15	 9.137663117e+03	 0.000000000e+00
1.355000000e-01	1.355073096e-01	    200622	 1.507221188e+04	-3.511452739e-15	 9.137952697e+03	 0.000000000e+00
1.365000000e-01	1.365054130e-01	    203426	 1.495884773e+04	 6.469246707e-15	 9.138237735e+03	 0.000000000e+00
1.375000000e-01	1.375073952e-01	    208106	 1.463316084e+04	 1.272688052e-15	 9.138535935e+03	 0.000000000e+00
1.385000000e-01	1.385039843e-01	    207438	 1.449081708e+04	-6.178641972e-15	 9.138857727e+03	 0.000000000e+00
1.395000000e-01	1.394985767e-01	    212930	 1.460121393e+04	-1.906615127e-15	 9.139200518e+03	 0.000000000e+00
1.405000000e-01	1.405008999e-01	    217122	 1.452480537e+04	-1.486603388e-14	 9.139542466e+03	 0.000000000e+00
1.415000000e-01	1.415037634e-01	    219326	 1.443519856e+04	-1.609639632e-15	 9.139927521e+03	 0.000000000e+00
1.425000000e-01	1.425031140e-01	    221538	 1.431257778e+04	-4.189384099e-15	 9.140301545e+03	 0.000000000e+00
1.435000000e-01	1.435023503e-01	    225818	 1.425522272e+04	-8.502912270e-15	 9.140704807e+03	 0.000000000e+00
1.445000000e-01	1.445041354e-01	    228822	 1.433955343e+04	-2.484796770e-15	 9.141153763e+03	 0.000000000e+00
1.455000000e-01	1.455048005e-01	    231602	 1.438353324e+04	 8.696390477e-15	 9.141603804e+03	 0.000000000e+00
1.465000000e-01	1.465038013e-01	    234482	 1.429127020e+04	 3.868455232e-15	 9.142080477e+03	 0.000000000e+00
1.475000000e-01	1.475025643e-01	    237918	 1.416593823e+04	-6.793945829e-15	 9.142605052e+03	 0.000000000e+00
1.485000000e-01	1.485002614e-01	    240146	 1.416612619e+04	-1.692696278e-15	 9.143061999e+03	 0.000000000e+00
1.495000000e-01	1.495008348e-01	    246330	 1.411222976e+04	-8.396797044e-16	 9.143661194e+03	 0.000000000e+00
1.505000000e-01	1.505061153e-01	    248630	 1.395124030e+04	 1.922714908e-16	 9.144227367e+03	 0.000000000e+00
1.515000000e-01	1.515054869e-01	    249978	 1.389082018e+04	-4.242306025e-15	 9.144821333e+03	 0.000000000e+00
1.525000000e-01	1.525003534e-01	    253346	 1.392512476e+04	 1.840592675e-15	 9.145483243e+03	 0.000000000e+00
1.535000000e-01	1.534992862e-01	    258246	 1.382693079e+04	-4.683039640e-15	 9.146137365e+03	 0.000000000e+00
1.545000000e-01	1.544999916e-01	    261122	 1.384114887e+04	 1.486806269e-15	 9.146812867e+03	 0.000000000e+00
1.555000000e-01	1.554979354e-01	    263756	 1.380423214e+04	 8.364464487e-15	 9.147562747e+03	 0.000000000e+00
1.565000000e-01	1.564984720e-01	    268962	 1.368519494e+04	 8.662476921e-15	 9.148376863e+03	 0.000000000e+00
1.575000000e-01	1.575009981e-01	    271910	 1.367723199e+04	 6.027842451e-15	 9.149136543e+03	 0.000000000e+00
1.585000000e-01	1.585011966e-01	    274698	 1.367777429e+04	 1.355187368e-14	 9.150044062e+03	 0.000000000e+00
1.595000000e-01	1.594990485e-01	    277202	 1.353794873e+04	 8.411924042e-15	 9.150896754e+03	 0.000000000e+00
1.605000000e-01	1.605014614e-01	    284478	 1.348779671e+04	 1.126703212e-14	 9.151811537e+03	 0.000000000e+00
1.615000000e-01	1.615030465e-01	    283874	 1.337197272e+04	-2.230130591e-16	 9.152852104e+03	 0.000000000e+00
1.625000000e-01	1.625016178e-01	    289290	 1.334446975e+04	-3.396085375e-15	 9.153823271e+03	 0.000000000e+00
1.635000000e-01	1.635041671e-01	    294014	 1.336504326e+04	 2.567885996e-15	 9.154887706e+03	 0.000000000e+00
1.645000000e-01	1.645053813e-01	    295362	 1.335028857e+04	 5.392203193e-15	 9.156058436e+03	 0.000000000e+00
1.655000000e-01	1.655034319e-01	    299066	 1.334392015e+04	 6.288487278e-15	 9.157156290e+03	 0.000000000e+00
1.665000000e-01	1.665024642e-01	    303782	 1.329967868e+04	 3.232817720e-16	 9.158407656e+03	 0.000000000e+00
1.675000000e-01	1.675020428e-01	    306210	 1.324220968e+04	 1.358657124e-15	 9.159751727e+03	 0.000000000e+00
1.685000000e-01	1.684991675e-01	    309578	 1.318077192e+04	-4.284294396e-15	 9.161045198e+03	 0.000000000e+00
1.695000000e-01	1.694971015e-01	    314382	 1.313496744e+04	-1.976616996e-15	 9.162442475e+03	 0.000000000e+00
1.705000000e-01	1.704965355e-01	    317714	 1.322228461e+04	 1.204717880e-15	 9.163976745e+03	 0.000000000e+00
1.715000000e-01	1.714997217e-01	    324066	 1.327609008e+04	-5.801273705e-15	 9.165378491e+03	 0.000000000e+00
1.725000000e-01	1.725016928e-01	    324950	 1.313356136e+04	-4.909251216e-16	 9.167068982e+03	 0.000000000e+00
1.735000000e-01	1.734985666e-01	    327930	 1.303123815e+04	 4.432189231e-15	 9.168837520e+03	 0.000000000e+00
1.745000000e-01	1.745010841e-01	    336194	 1.310981234e+04	-5.549559499e-15	 9.170471398e+03	 0.000000000e+00
1.755000000e-01	1.755025812e-01	    335390	 1.309334465e+04	-1.962089940e-15	 9.172376558e+03	 0.000000000e+00
1.765000000e-01	1.764978004e-01	    339066	 1.293497638e+04	 1.620154617e-15	 9.174388897e+03	 0.000000000e+00
1.775000000e-01	1.774974962e-01	    346388	 1.285079144e+04	 6.015799426e-15	 9.176281690e+03	 0.000000000e+00
1.785000000e-01	1.784998309e-01	    348798	 1.280077601e+04	-5.507559337e-15	 9.178571771e+03	 0.000000000e+00
1.795000000e-01	1.794993030e-01	    351770	 1.277719274e+04	-2.015295718e-15	 9.180796013e+03	 0.000000000e+00
1.805000000e-01	1.805013336e-01	    358938	 1.283687359e+04	-1.481017401e-15	 9.182989067e+03	 0.000000000e+00
1.815000000e-01	1.815027313e-01	    359174	 1.284171898e+04	 1.679595296e-15	 9.185486050e+03	 0.000000000e+00
1.825000000e-01	1.825010524e-01	    364290	 1.285468238e+04	 1.097378476e-15	 9.188017652e+03	 0.000000000e+00
1.835000000e-01	1.835017251e-01	    369242	 1.286051203e+04	 1.665326989e-15	 9.190591580e+03	 0.000000000e+00
1.845000000e-01	1.845007885e-01	    371142	 1.275169060e+04	 4.254258719e-15	 9.193587699e+03	 0.000000000e+00
1.855000000e-01	1.854999661e-01	    376970	 1.262978563e+04	 9.130199366e-16	 9.196160976e+03	 0.000000000e+00
1.865000000e-01	1.865006748e-01	    380954	 1.266461154e+04	 3.238946796e-15	 9.199274985e+03	 0.000000000e+00
1.875000000e-01	1.875024323e-01	    385830	 1.262841825e+04	 1.718647548e-15	 9.202554485e+03	 0.000000000e+00
1.885000000e-01	1.885037147e-01	    388370	 1.247506701e+04	 3.439396839e-15	 9.205694866e+03	 0.000000000e+00
1.895000000e-01	1.895015312e-01	    392010	 1.229536169e+04	-2.845464757e-15	 9.209225121e+03	 0.000000000e+00
1.905000000e-01	1.904983736e-01	    395534	 1.233107109e+04	-2.210488211e-15	 9.212846429e+03	 0.000000000e+00
1.915000000e-01	1.914973759e-01	    401706	 1.241824326e+04	-6.007979737e-15	 9.216482027e+03	 0.000000000e+00
1.925000000e-01	1.925008655e-01	    408266	 1.240650009e+04	-3.256663007e-15	 9.220141206e+03	 0.000000000e+00
1.935000000e-01	1.935006234e-01	    406734	 1.240175683e+04	 3.960906098e-15	 9.224888693e+03	 0.000000000e+00
1.945000000e-01	1.945000913e-01	    416306	 1.228231766e+04	-5.598872589e-15	 9.228555894e+03	 0.000000000e+00
1.955000000e-01	1.955030280e-01	    418610	 1.219833348e+04	-2.288199620e-15	 9.233358681e+03	 0.000000000e+00
1.965000000e-01	1.965007691e-01	    420114	 1.210666176e+04	 2.859359484e-15	 9.238125090e+03	 0.000000000e+00
1.975000000e-01	1.975001968e-01	    428654	 1.211244468e+04	-1.661841826e-15	 9.242480264e+03	 0.000000000e+00
1.985000000e-01	1.985005885e-01	    429954	 1.210116646e+04	-5.358735304e-15	 9.247882121e+03	 0.000000000e+00
1.995000000e-01	1.994999510e-01	    436052	 1.215023248e+04	 2.697320049e-15	 9.253216192e+03	 0.000000000e+00
2.005000000e-01	2.005003125e-01	    439566	 1.212426841e+04	-2.099138069e-15	 9.258853411e+03	 0.000000000e+00
2.015000000e-01	2.014997711e-01	    444458	 1.215136482e+04	-6.728966862e-15	 9.264698076e+03	 0.000000000e+00
2.025000000e-01	2.025008676e-01	    449226	 1.220315022e+04	 7.307237537e-16	 9.270639991e+03	 0.000000000e+00
2.035000000e-01	2.035023649e-01	    454118	 1.224723879e+04	 7.818534897e-16	 9.276798264e+03	 0.000000000e+00
2.045000000e-01	2.045031565e-01	    457490	 1.219265356e+04	-7.705788395e-15	 9.283671466e+03	 0.000000000e+00
